fecha	cols	rows	boosting	objective	metric	first_metric_only	boost_from_average	feature_pre_filter	force_row_wise	verbosity	max_depth	min_gain_to_split	min_sum_hessian_in_leaf	lambda_l1	lambda_l2	max_bin	num_iterations	bagging_fraction	pos_bagging_fraction	neg_bagging_fraction	is_unbalance	scale_pos_weight	drop_rate	max_drop	skip_drop	extra_trees	seed	learning_rate	feature_fraction	num_leaves	min_data_in_leaf	estimulos	ganancia	iteracion_bayesiana
20230722 134050	1445	294049	gbdt	binary	custom	TRUE	TRUE	FALSE	TRUE	-100	-1	0	0.001	0	0	31	872	1	1	1	FALSE	1	0.1	50	0.5	TRUE	980717	0.241403229142015	0.846314154653861	506	19946	10493	67200280.3598201	1
20230722 134145	1445	294049	gbdt	binary	custom	TRUE	TRUE	FALSE	TRUE	-100	-1	0	0.001	0	0	31	75	1	1	1	FALSE	1	0.1	50	0.5	TRUE	980717	0.150204576581758	0.289216212350316	581	36866	12307	63024787.1064468	2
20230722 134249	1445	294049	gbdt	binary	custom	TRUE	TRUE	FALSE	TRUE	-100	-1	0	0.001	0	0	31	75	1	1	1	FALSE	1	0.1	50	0.5	TRUE	980717	0.112701092671621	0.404877383992017	19	37895	14351	62645710.6446777	3
20230722 134535	1445	294049	gbdt	binary	custom	TRUE	TRUE	FALSE	TRUE	-100	-1	0	0.001	0	0	31	1103	1	1	1	FALSE	1	0.1	50	0.5	TRUE	980717	0.0676770703818953	0.154016637494749	528	5150	11622	67716188.9055472	4
20230722 134659	1445	294049	gbdt	binary	custom	TRUE	TRUE	FALSE	TRUE	-100	-1	0	0.001	0	0	31	698	1	1	1	FALSE	1	0.1	50	0.5	TRUE	980717	0.253967826400257	0.653659171794683	897	27163	12690	68541694.1529235	5
20230722 134838	1445	294049	gbdt	binary	custom	TRUE	TRUE	FALSE	TRUE	-100	-1	0	0.001	0	0	31	885	1	1	1	FALSE	1	0.1	50	0.5	TRUE	980717	0.197056477371137	0.0841687702866863	1012	9925	12767	67012463.2683658	6
20230722 134920	1445	294049	gbdt	binary	custom	TRUE	TRUE	FALSE	TRUE	-100	-1	0	0.001	0	0	31	61	1	1	1	FALSE	1	0.1	50	0.5	TRUE	980717	0.127479729754887	0.600073822975765	399	32137	11806	63079751.1244378	7
20230722 135047	1445	294049	gbdt	binary	custom	TRUE	TRUE	FALSE	TRUE	-100	-1	0	0.001	0	0	31	695	1	1	1	FALSE	1	0.1	50	0.5	TRUE	980717	0.209726724641813	0.752668594474251	353	15985	12497	66896826.0869565	8
20230722 135207	1445	294049	gbdt	binary	custom	TRUE	TRUE	FALSE	TRUE	-100	-1	0	0.001	0	0	31	788	1	1	1	FALSE	1	0.1	50	0.5	TRUE	980717	0.0502645851003841	0.92420716492534	146	48793	13667	66427425.7871064	9
20230722 135534	1445	294049	gbdt	binary	custom	TRUE	TRUE	FALSE	TRUE	-100	-1	0	0.001	0	0	31	1373	1	1	1	FALSE	1	0.1	50	0.5	TRUE	980717	0.157959124502347	0.344012412075875	746	22306	12444	67690728.6356822	10
20230722 135640	1445	294049	gbdt	binary	custom	TRUE	TRUE	FALSE	TRUE	-100	-1	0	0.001	0	0	31	322	1	1	1	FALSE	1	0.1	50	0.5	TRUE	980717	0.0179348840722712	0.70801840149063	772	30661	13099	63267557.7211394	11
20230722 135738	1445	294049	gbdt	binary	custom	TRUE	TRUE	FALSE	TRUE	-100	-1	0	0.001	0	0	31	34	1	1	1	FALSE	1	0.1	50	0.5	TRUE	980717	0.298955282515718	0.443696327183299	270	42848	12274	60897160.4197901	12
20230722 140354	1445	294049	gbdt	binary	custom	TRUE	TRUE	FALSE	TRUE	-100	-1	0	0.001	0	0	31	2015	1	1	1	FALSE	1	0.1	50	0.5	TRUE	980717	0.0335273519273182	0.550456348107964	91	13698	10370	68578455.7721139	13
20230722 140719	1445	294049	gbdt	binary	custom	TRUE	TRUE	FALSE	TRUE	-100	-1	0	0.001	0	0	31	647	1	1	1	FALSE	1	0.1	50	0.5	TRUE	980717	0.186541653171453	0.972486086076296	671	1336	12945	66955584.7076462	14
20230722 140858	1445	294049	gbdt	binary	custom	TRUE	TRUE	FALSE	TRUE	-100	-1	0	0.001	0	0	31	1221	1	1	1	FALSE	1	0.1	50	0.5	TRUE	980717	0.083566705535486	0.0276013712692273	858	43907	11682	66254269.8650675	15
20230722 141010	1445	294049	gbdt	binary	custom	TRUE	TRUE	FALSE	TRUE	-100	-1	0	0.001	0	0	31	231	1	1	1	FALSE	1	0.1	50	0.5	TRUE	980717	0.279810460840224	0.20424531397422	232	7631	11532	68611976.011994	16
20230722 141208	1445	294049	gbdt	binary	custom	TRUE	TRUE	FALSE	TRUE	-100	-1	0	0.001	0	0	31	514	1	1	1	FALSE	1	0.1	50	0.5	TRUE	980717	0.299780321752733	0.579293082771966	1011	25018	12458	67272656.6716642	17
20230722 141309	1445	294049	gbdt	binary	custom	TRUE	TRUE	FALSE	TRUE	-100	-1	0	0.001	0	0	31	38	1	1	1	FALSE	1	0.1	50	0.5	TRUE	980717	0.0971593808378063	0.460909787619251	4	9233	12889	61903494.7526237	18
20230722 141406	1445	294049	gbdt	binary	custom	TRUE	TRUE	FALSE	TRUE	-100	-1	0	0.001	0	0	31	200	1	1	1	FALSE	1	0.1	50	0.5	TRUE	980717	0.299768137682452	0.141794713852491	386	6446	11570	67007001.4992504	19
20230722 141943	1445	294049	gbdt	binary	custom	TRUE	TRUE	FALSE	TRUE	-100	-1	0	0.001	0	0	31	2015	1	1	1	FALSE	1	0.1	50	0.5	TRUE	980717	0.06176866551734	0.569979932641179	446	18067	13474	68421718.1409295	20
20230722 142115	1445	294049	gbdt	binary	custom	TRUE	TRUE	FALSE	TRUE	-100	-1	0	0.001	0	0	31	145	1	1	1	FALSE	1	0.1	50	0.5	TRUE	980717	0.0240241704605399	0.580436349190996	307	16118	11625	63089077.9610195	21
20230722 142327	1445	294049	gbdt	binary	custom	TRUE	TRUE	FALSE	TRUE	-100	-1	0	0.001	0	0	31	504	1	1	1	FALSE	1	0.1	50	0.5	TRUE	980717	0.254989992440862	0.545753352451675	863	21899	12401	68180448.2758621	22
20230722 142558	1445	294049	gbdt	binary	custom	TRUE	TRUE	FALSE	TRUE	-100	-1	0	0.001	0	0	31	672	1	1	1	FALSE	1	0.1	50	0.5	TRUE	980717	0.259963768305597	0.526693475162235	888	21983	11303	66925182.9085457	23
20230722 142746	1445	294049	gbdt	binary	custom	TRUE	TRUE	FALSE	TRUE	-100	-1	0	0.001	0	0	31	338	1	1	1	FALSE	1	0.1	50	0.5	TRUE	980717	0.251352200114122	0.557493655093999	858	22006	15464	66838884.5577211	24
20230722 143307	1445	294049	gbdt	binary	custom	TRUE	TRUE	FALSE	TRUE	-100	-1	0	0.001	0	0	31	1879	1	1	1	FALSE	1	0.1	50	0.5	TRUE	980717	0.105679369472312	0.528940619362128	570	18785	13925	67186619.1904048	25
20230722 143500	1445	294049	gbdt	binary	custom	TRUE	TRUE	FALSE	TRUE	-100	-1	0	0.001	0	0	31	413	1	1	1	FALSE	1	0.1	50	0.5	TRUE	980717	0.229186403881558	0.415878284813083	843	20660	13756	68835508.2458771	26
20230722 143633	1445	294049	gbdt	binary	custom	TRUE	TRUE	FALSE	TRUE	-100	-1	0	0.001	0	0	31	429	1	1	1	FALSE	1	0.1	50	0.5	TRUE	980717	0.224233022988013	0.278979791541364	895	20156	14057	67083692.6536732	27
20230722 143733	1445	294049	gbdt	binary	custom	TRUE	TRUE	FALSE	TRUE	-100	-1	0	0.001	0	0	31	25	1	1	1	FALSE	1	0.1	50	0.5	TRUE	980717	0.222330412775913	0.418190720291409	830	20641	12515	65416979.0104948	28
20230722 143912	1445	294049	gbdt	binary	custom	TRUE	TRUE	FALSE	TRUE	-100	-1	0	0.001	0	0	31	932	1	1	1	FALSE	1	0.1	50	0.5	TRUE	980717	0.265672538876416	0.663429030908608	869	23425	11226	66963319.3403298	29
20230722 144047	1445	294049	gbdt	binary	custom	TRUE	TRUE	FALSE	TRUE	-100	-1	0	0.001	0	0	31	269	1	1	1	FALSE	1	0.1	50	0.5	TRUE	980717	0.24942871762878	0.440214498702492	842	12677	10510	67299985.0074963	30
20230722 144123	1445	294049	gbdt	binary	custom	TRUE	TRUE	FALSE	TRUE	-100	-1	0	0.001	0	0	31	21	1	1	1	FALSE	1	0.1	50	0.5	TRUE	980717	0.283762202412365	0.0652185921154237	786	5346	13479	63137452.7736132	31
20230722 144347	1445	294049	gbdt	binary	custom	TRUE	TRUE	FALSE	TRUE	-100	-1	0	0.001	0	0	31	588	1	1	1	FALSE	1	0.1	50	0.5	TRUE	980717	0.245199790197861	0.566309928429493	800	21506	11479	69110706.1469265	32
20230722 144512	1445	294049	gbdt	binary	custom	TRUE	TRUE	FALSE	TRUE	-100	-1	0	0.001	0	0	31	605	1	1	1	FALSE	1	0.1	50	0.5	TRUE	980717	0.248927582733371	0.608167831816968	773	21548	12123	67188661.1694153	33
20230722 144744	1445	294049	gbdt	binary	custom	TRUE	TRUE	FALSE	TRUE	-100	-1	0	0.001	0	0	31	1203	1	1	1	FALSE	1	0.1	50	0.5	TRUE	980717	0.244367916138318	0.595153441886264	760	21615	11813	65525017.9910045	34
20230722 144942	1445	294049	gbdt	binary	custom	TRUE	TRUE	FALSE	TRUE	-100	-1	0	0.001	0	0	31	425	1	1	1	FALSE	1	0.1	50	0.5	TRUE	980717	0.243933170170659	0.507522721004666	863	19572	11419	67488487.2563718	35
20230722 145200	1445	294049	gbdt	binary	custom	TRUE	TRUE	FALSE	TRUE	-100	-1	0	0.001	0	0	31	579	1	1	1	FALSE	1	0.1	50	0.5	TRUE	980717	0.241393701300099	0.509305859820551	858	19167	12282	67576248.8755622	36
20230722 145432	1445	294049	gbdt	binary	custom	TRUE	TRUE	FALSE	TRUE	-100	-1	0	0.001	0	0	31	693	1	1	1	FALSE	1	0.1	50	0.5	TRUE	980717	0.240004275874714	0.485818422827084	852	18904	11472	67424239.88006	37
20230722 145736	1445	294049	gbdt	binary	custom	TRUE	TRUE	FALSE	TRUE	-100	-1	0	0.001	0	0	31	899	1	1	1	FALSE	1	0.1	50	0.5	TRUE	980717	0.230421067088178	0.501326403625263	863	18753	12647	67518430.2848576	38
20230722 150024	1445	294049	gbdt	binary	custom	TRUE	TRUE	FALSE	TRUE	-100	-1	0	0.001	0	0	31	759	1	1	1	FALSE	1	0.1	50	0.5	TRUE	980717	0.191248629028214	0.556265494791893	928	18946	13122	66989442.2788606	39
20230722 150400	1445	294049	gbdt	binary	custom	TRUE	TRUE	FALSE	TRUE	-100	-1	0	0.001	0	0	31	1430	1	1	1	FALSE	1	0.1	50	0.5	TRUE	980717	0.25966072536973	0.252098628073688	641	18406	11913	66032634.1829085	40
20230722 150529	1445	294049	gbdt	binary	custom	TRUE	TRUE	FALSE	TRUE	-100	-1	0	0.001	0	0	31	747	1	1	1	FALSE	1	0.1	50	0.5	TRUE	980717	0.185574605593129	0.7784932608536	1024	21111	12823	66751029.9850075	41
20230722 150747	1445	294049	gbdt	binary	custom	TRUE	TRUE	FALSE	TRUE	-100	-1	0	0.001	0	0	31	593	1	1	1	FALSE	1	0.1	50	0.5	TRUE	980717	0.2467920844383	0.48585765860606	994	24591	11961	68184466.2668666	42
20230722 151100	1445	294049	gbdt	binary	custom	TRUE	TRUE	FALSE	TRUE	-100	-1	0	0.001	0	0	31	1101	1	1	1	FALSE	1	0.1	50	0.5	TRUE	980717	0.24535271554546	0.427018558089793	1019	25202	12832	67185679.1604198	43
20230722 151415	1445	294049	gbdt	binary	custom	TRUE	TRUE	FALSE	TRUE	-100	-1	0	0.001	0	0	31	1176	1	1	1	FALSE	1	0.1	50	0.5	TRUE	980717	0.243348552671256	0.580182211088873	995	24954	12281	67000118.4407796	44
20230722 151601	1445	294049	gbdt	binary	custom	TRUE	TRUE	FALSE	TRUE	-100	-1	0	0.001	0	0	31	688	1	1	1	FALSE	1	0.1	50	0.5	TRUE	980717	0.274426961222191	0.217090412373362	828	26888	11811	66919203.898051	45
20230722 151712	1445	294049	gbdt	binary	custom	TRUE	TRUE	FALSE	TRUE	-100	-1	0	0.001	0	0	31	387	1	1	1	FALSE	1	0.1	50	0.5	TRUE	980717	0.135907095123632	0.731618356648595	212	13557	11670	69056566.7166417	46
20230722 151848	1445	294049	gbdt	binary	custom	TRUE	TRUE	FALSE	TRUE	-100	-1	0	0.001	0	0	31	721	1	1	1	FALSE	1	0.1	50	0.5	TRUE	980717	0.188099161597679	0.764599590005131	492	13635	11318	67948908.5457271	47
20230722 151959	1445	294049	gbdt	binary	custom	TRUE	TRUE	FALSE	TRUE	-100	-1	0	0.001	0	0	31	415	1	1	1	FALSE	1	0.1	50	0.5	TRUE	980717	0.175096309210565	0.75552496437152	532	13661	14043	67745722.6386807	48
20230722 152123	1445	294049	gbdt	binary	custom	TRUE	TRUE	FALSE	TRUE	-100	-1	0	0.001	0	0	31	568	1	1	1	FALSE	1	0.1	50	0.5	TRUE	980717	0.231980549721841	0.646009351097377	253	13399	12189	67930991.0044978	49
20230722 152241	1445	294049	gbdt	binary	custom	TRUE	TRUE	FALSE	TRUE	-100	-1	0	0.001	0	0	31	496	1	1	1	FALSE	1	0.1	50	0.5	TRUE	980717	0.199099990262535	0.655560074286528	366	13515	11439	68014454.2728636	50
20230722 152532	1445	294049	gbdt	binary	custom	TRUE	TRUE	FALSE	TRUE	-100	-1	0	0.001	0	0	31	756	1	1	1	FALSE	1	0.1	50	0.5	TRUE	980717	0.192205844864662	0.538134270797525	365	13537	13417	66552658.1709145	51
20230722 152634	1445	294049	gbdt	binary	custom	TRUE	TRUE	FALSE	TRUE	-100	-1	0	0.001	0	0	31	293	1	1	1	FALSE	1	0.1	50	0.5	TRUE	980717	0.269610014043152	0.994977883493175	230	13139	12890	68264632.6836582	52
20230722 152751	1445	294049	gbdt	binary	custom	TRUE	TRUE	FALSE	TRUE	-100	-1	0	0.001	0	0	31	464	1	1	1	FALSE	1	0.1	50	0.5	TRUE	980717	0.274692087052116	0.998286247272236	226	13145	12720	67739010.4947526	53
20230722 153000	1445	294049	gbdt	binary	custom	TRUE	TRUE	FALSE	TRUE	-100	-1	0	0.001	0	0	31	1131	1	1	1	FALSE	1	0.1	50	0.5	TRUE	980717	0.138088573996028	0.994367981776501	123	13701	12398	68232326.8365817	54
20230722 153156	1445	294049	gbdt	binary	custom	TRUE	TRUE	FALSE	TRUE	-100	-1	0	0.001	0	0	31	974	1	1	1	FALSE	1	0.1	50	0.5	TRUE	980717	0.13486637709647	0.999141342188894	75	13590	13583	67938736.131934	55
20230722 153255	1445	294049	gbdt	binary	custom	TRUE	TRUE	FALSE	TRUE	-100	-1	0	0.001	0	0	31	236	1	1	1	FALSE	1	0.1	50	0.5	TRUE	980717	0.299970223571803	0.808932027743493	134	10619	12705	66972556.2218891	56
20230722 153702	1445	294049	gbdt	binary	custom	TRUE	TRUE	FALSE	TRUE	-100	-1	0	0.001	0	0	31	2552	1	1	1	FALSE	1	0.1	50	0.5	TRUE	980717	0.0776835050868704	0.887253298496349	196	13162	11217	67837695.6521739	57
20230722 153904	1445	294049	gbdt	binary	custom	TRUE	TRUE	FALSE	TRUE	-100	-1	0	0.001	0	0	31	1358	1	1	1	FALSE	1	0.1	50	0.5	TRUE	980717	0.107338785847876	0.0765848399986365	4	13529	12686	67865658.1709145	58
20230722 154136	1445	294049	gbdt	binary	custom	TRUE	TRUE	FALSE	TRUE	-100	-1	0	0.001	0	0	31	2376	1	1	1	FALSE	1	0.1	50	0.5	TRUE	980717	0.103528639454009	0.864384946811332	4	13615	13171	67850778.1109445	59
20230722 154330	1445	294049	gbdt	binary	custom	TRUE	TRUE	FALSE	TRUE	-100	-1	0	0.001	0	0	31	953	1	1	1	FALSE	1	0.1	50	0.5	TRUE	980717	0.120623544884757	0.871433552935808	985	13542	12013	67932874.0629685	60
20230722 154545	1445	294049	gbdt	binary	custom	TRUE	TRUE	FALSE	TRUE	-100	-1	0	0.001	0	0	31	1236	1	1	1	FALSE	1	0.1	50	0.5	TRUE	980717	0.137524431398186	0.99940457771994	155	13644	9540	65824017.9910045	61
20230722 154746	1445	294049	gbdt	binary	custom	TRUE	TRUE	FALSE	TRUE	-100	-1	0	0.001	0	0	31	1438	1	1	1	FALSE	1	0.1	50	0.5	TRUE	980717	0.293836229165167	0.0618552418185765	7	13187	12275	66729602.6986507	62
20230722 155048	1445	294049	gbdt	binary	custom	TRUE	TRUE	FALSE	TRUE	-100	-1	0	0.001	0	0	31	1800	1	1	1	FALSE	1	0.1	50	0.5	TRUE	980717	0.109201283971332	0.119484045005361	1019	13463	13444	68027340.3298351	63
20230722 155218	1445	294049	gbdt	binary	custom	TRUE	TRUE	FALSE	TRUE	-100	-1	0	0.001	0	0	31	654	1	1	1	FALSE	1	0.1	50	0.5	TRUE	980717	0.115000703782669	0.648354279175717	966	13417	12040	68604677.6611694	64
20230722 155408	1445	294049	gbdt	binary	custom	TRUE	TRUE	FALSE	TRUE	-100	-1	0	0.001	0	0	31	889	1	1	1	FALSE	1	0.1	50	0.5	TRUE	980717	0.104344428480803	0.619868805494931	1006	13411	15455	68291431.784108	65
20230722 155603	1445	294049	gbdt	binary	custom	TRUE	TRUE	FALSE	TRUE	-100	-1	0	0.001	0	0	31	914	1	1	1	FALSE	1	0.1	50	0.5	TRUE	980717	0.0958506887184323	0.613194369013358	1005	13420	12266	68575853.0734633	66
