fecha	cols	rows	boosting	objective	metric	first_metric_only	boost_from_average	feature_pre_filter	force_row_wise	verbosity	max_depth	min_gain_to_split	min_sum_hessian_in_leaf	lambda_l1	lambda_l2	max_bin	num_iterations	bagging_fraction	pos_bagging_fraction	neg_bagging_fraction	is_unbalance	scale_pos_weight	drop_rate	max_drop	skip_drop	extra_trees	seed	learning_rate	feature_fraction	num_leaves	min_data_in_leaf	estimulos	ganancia	iteracion_bayesiana
20230721 190323	781	294049	gbdt	binary	custom	TRUE	TRUE	FALSE	TRUE	-100	-1	0	0.001	0	0	31	311	1	1	1	FALSE	1	0.1	50	0.5	TRUE	980717	0.241403229142015	0.846314154653861	506	19946	12101	67905155.922039	1
20230721 190451	781	294049	gbdt	binary	custom	TRUE	TRUE	FALSE	TRUE	-100	-1	0	0.001	0	0	31	561	1	1	1	FALSE	1	0.1	50	0.5	TRUE	980717	0.150204576581758	0.289216212350316	581	36866	11387	68947605.6971514	2
20230721 190546	781	294049	gbdt	binary	custom	TRUE	TRUE	FALSE	TRUE	-100	-1	0	0.001	0	0	31	136	1	1	1	FALSE	1	0.1	50	0.5	TRUE	980717	0.112701092671621	0.404877383992017	19	37895	12198	64824650.6746627	3
20230721 190743	781	294049	gbdt	binary	custom	TRUE	TRUE	FALSE	TRUE	-100	-1	0	0.001	0	0	31	1041	1	1	1	FALSE	1	0.1	50	0.5	TRUE	980717	0.0676770703818953	0.154016637494749	528	5150	13155	68746274.3628186	4
20230721 190906	781	294049	gbdt	binary	custom	TRUE	TRUE	FALSE	TRUE	-100	-1	0	0.001	0	0	31	920	1	1	1	FALSE	1	0.1	50	0.5	TRUE	980717	0.253967826400257	0.653659171794683	897	27163	11699	68769566.7166417	5
20230721 191027	781	294049	gbdt	binary	custom	TRUE	TRUE	FALSE	TRUE	-100	-1	0	0.001	0	0	31	824	1	1	1	FALSE	1	0.1	50	0.5	TRUE	980717	0.197056477371137	0.0841687702866863	1012	9925	12996	67938416.7916042	6
20230721 191323	781	294049	gbdt	binary	custom	TRUE	TRUE	FALSE	TRUE	-100	-1	0	0.001	0	0	31	2078	1	1	1	FALSE	1	0.1	50	0.5	TRUE	980717	0.127479729754887	0.600073822975765	399	32137	12315	69129962.5187406	7
20230721 191433	781	294049	gbdt	binary	custom	TRUE	TRUE	FALSE	TRUE	-100	-1	0	0.001	0	0	31	599	1	1	1	FALSE	1	0.1	50	0.5	TRUE	980717	0.209726724641813	0.752668594474251	353	15985	12313	68314313.3433283	8
20230721 191506	781	294049	gbdt	binary	custom	TRUE	TRUE	FALSE	TRUE	-100	-1	0	0.001	0	0	31	90	1	1	1	FALSE	1	0.1	50	0.5	TRUE	980717	0.0502645851003841	0.92420716492534	146	48793	12220	61512173.9130435	9
20230721 191745	781	294049	gbdt	binary	custom	TRUE	TRUE	FALSE	TRUE	-100	-1	0	0.001	0	0	31	1289	1	1	1	FALSE	1	0.1	50	0.5	TRUE	980717	0.157959124502347	0.344012412075875	746	22306	12969	67875488.7556222	10
20230721 191848	781	294049	gbdt	binary	custom	TRUE	TRUE	FALSE	TRUE	-100	-1	0	0.001	0	0	31	402	1	1	1	FALSE	1	0.1	50	0.5	TRUE	980717	0.0179348840722712	0.70801840149063	772	30661	14111	63872697.1514243	11
20230721 192246	781	294049	gbdt	binary	custom	TRUE	TRUE	FALSE	TRUE	-100	-1	0	0.001	0	0	31	2036	1	1	1	FALSE	1	0.1	50	0.5	TRUE	980717	0.298955282515718	0.443696327183299	270	42848	12502	66931361.3193403	12
20230721 193140	781	294049	gbdt	binary	custom	TRUE	TRUE	FALSE	TRUE	-100	-1	0	0.001	0	0	31	4312	1	1	1	FALSE	1	0.1	50	0.5	TRUE	980717	0.0335273519273182	0.550456348107964	91	13698	10150	67777406.2968516	13
20230721 193317	781	294049	gbdt	binary	custom	TRUE	TRUE	FALSE	TRUE	-100	-1	0	0.001	0	0	31	305	1	1	1	FALSE	1	0.1	50	0.5	TRUE	980717	0.186541653171453	0.972486086076296	671	1336	11376	66830920.5397301	14
20230721 193517	781	294049	gbdt	binary	custom	TRUE	TRUE	FALSE	TRUE	-100	-1	0	0.001	0	0	31	1871	1	1	1	FALSE	1	0.1	50	0.5	TRUE	980717	0.083566705535486	0.0276013712692273	858	43907	12707	66468085.4572714	15
20230721 193622	781	294049	gbdt	binary	custom	TRUE	TRUE	FALSE	TRUE	-100	-1	0	0.001	0	0	31	360	1	1	1	FALSE	1	0.1	50	0.5	TRUE	980717	0.279810460840224	0.20424531397422	232	7631	13595	66929362.8185907	16
20230721 193709	781	294049	gbdt	binary	custom	TRUE	TRUE	FALSE	TRUE	-100	-1	0	0.001	0	0	31	420	1	1	1	FALSE	1	0.1	50	0.5	TRUE	980717	0.131552482037997	0.0103267204365956	447	12940	14269	64491950.5247376	17
20230721 193923	781	294049	gbdt	binary	custom	TRUE	TRUE	FALSE	TRUE	-100	-1	0	0.001	0	0	31	1819	1	1	1	FALSE	1	0.1	50	0.5	TRUE	980717	0.166754094907917	0.655514840432815	717	32164	11581	68175380.8095952	18
20230721 194109	781	294049	gbdt	binary	custom	TRUE	TRUE	FALSE	TRUE	-100	-1	0	0.001	0	0	31	604	1	1	1	FALSE	1	0.1	50	0.5	TRUE	980717	0.210728174065797	0.465306643901922	812	27373	14351	68254586.2068966	19
20230721 194243	781	294049	gbdt	binary	custom	TRUE	TRUE	FALSE	TRUE	-100	-1	0	0.001	0	0	31	681	1	1	1	FALSE	1	0.1	50	0.5	TRUE	980717	0.22700061492445	0.592746589705771	431	16150	10469	68004874.0629685	20
20230721 194634	781	294049	gbdt	binary	custom	TRUE	TRUE	FALSE	TRUE	-100	-1	0	0.001	0	0	31	2579	1	1	1	FALSE	1	0.1	50	0.5	TRUE	980717	0.152045567797906	0.220116420769894	950	29677	11740	67708335.832084	21
20230721 195016	781	294049	gbdt	binary	custom	TRUE	TRUE	FALSE	TRUE	-100	-1	0	0.001	0	0	31	1629	1	1	1	FALSE	1	0.1	50	0.5	TRUE	980717	0.140860989158323	0.562588302628788	869	27773	12517	68809599.7001499	22
20230721 195232	781	294049	gbdt	binary	custom	TRUE	TRUE	FALSE	TRUE	-100	-1	0	0.001	0	0	31	1856	1	1	1	FALSE	1	0.1	50	0.5	TRUE	980717	0.138712113695352	0.808227458552489	543	32524	11921	68707224.8875562	23
20230721 195534	781	294049	gbdt	binary	custom	TRUE	TRUE	FALSE	TRUE	-100	-1	0	0.001	0	0	31	893	1	1	1	FALSE	1	0.1	50	0.5	TRUE	980717	0.0449355595724015	0.398868804822436	341	1371	10798	68426989.5052474	24
20230721 195812	781	294049	gbdt	binary	custom	TRUE	TRUE	FALSE	TRUE	-100	-1	0	0.001	0	0	31	1380	1	1	1	FALSE	1	0.1	50	0.5	TRUE	980717	0.0565014570150902	0.74086443086558	984	5061	10457	67757395.8020989	25
20230721 200034	781	294049	gbdt	binary	custom	TRUE	TRUE	FALSE	TRUE	-100	-1	0	0.001	0	0	31	1648	1	1	1	FALSE	1	0.1	50	0.5	TRUE	980717	0.1326173438323	0.600671495492846	810	33614	13780	69009985.0074963	26
20230721 200145	781	294049	gbdt	binary	custom	TRUE	TRUE	FALSE	TRUE	-100	-1	0	0.001	0	0	31	253	1	1	1	FALSE	1	0.1	50	0.5	TRUE	980717	0.146767798507066	0.57185325030515	453	45007	13184	66239184.4077961	27
20230721 200501	781	294049	gbdt	binary	custom	TRUE	TRUE	FALSE	TRUE	-100	-1	0	0.001	0	0	31	1394	1	1	1	FALSE	1	0.1	50	0.5	TRUE	980717	0.136482933249699	0.497537088857648	589	31629	12036	69535778.1109445	28
20230721 200905	781	294049	gbdt	binary	custom	TRUE	TRUE	FALSE	TRUE	-100	-1	0	0.001	0	0	31	651	1	1	1	FALSE	1	0.1	50	0.5	TRUE	980717	0.111343832679409	0.557317988035004	664	55	13593	67617401.7991004	29
20230721 201149	781	294049	gbdt	binary	custom	TRUE	TRUE	FALSE	TRUE	-100	-1	0	0.001	0	0	31	1071	1	1	1	FALSE	1	0.1	50	0.5	TRUE	980717	0.123710211155559	0.561621146073932	592	28192	12127	69395731.6341829	30
20230721 201319	781	294049	gbdt	binary	custom	TRUE	TRUE	FALSE	TRUE	-100	-1	0	0.001	0	0	31	971	1	1	1	FALSE	1	0.1	50	0.5	TRUE	980717	0.130384892669324	0.613009486165482	1024	24232	13548	69026104.9475262	31
20230721 201506	781	294049	gbdt	binary	custom	TRUE	TRUE	FALSE	TRUE	-100	-1	0	0.001	0	0	31	1492	1	1	1	FALSE	1	0.1	50	0.5	TRUE	980717	0.256847724787349	0.0508691071540743	1024	33656	11866	66911325.3373313	32
20230721 201620	781	294049	gbdt	binary	custom	TRUE	TRUE	FALSE	TRUE	-100	-1	0	0.001	0	0	31	710	1	1	1	FALSE	1	0.1	50	0.5	TRUE	980717	0.127890676714337	0.653431882215151	641	24485	13978	69264020.9895052	33
20230721 201716	781	294049	gbdt	binary	custom	TRUE	TRUE	FALSE	TRUE	-100	-1	0	0.001	0	0	31	340	1	1	1	FALSE	1	0.1	50	0.5	TRUE	980717	0.296010444611662	0.707238290785212	1024	10359	12111	67333086.9565217	34
20230721 202122	781	294049	gbdt	binary	custom	TRUE	TRUE	FALSE	TRUE	-100	-1	0	0.001	0	0	31	1823	1	1	1	FALSE	1	0.1	50	0.5	TRUE	980717	0.0764582806697478	0.49066994420818	603	14383	12402	68431061.4692654	35
20230721 202301	781	294049	gbdt	binary	custom	TRUE	TRUE	FALSE	TRUE	-100	-1	0	0.001	0	0	31	920	1	1	1	FALSE	1	0.1	50	0.5	TRUE	980717	0.129135084469357	0.597442607215088	652	28175	13425	69029887.5562219	36
20230721 202709	781	294049	gbdt	binary	custom	TRUE	TRUE	FALSE	TRUE	-100	-1	0	0.001	0	0	31	234	1	1	1	FALSE	1	0.1	50	0.5	TRUE	980717	0.0524208177723111	0.179649036151652	1024	64	12296	69814428.7856072	37
20230721 203057	781	294049	gbdt	binary	custom	TRUE	TRUE	FALSE	TRUE	-100	-1	0	0.001	0	0	31	1158	1	1	1	FALSE	1	0.1	50	0.5	TRUE	980717	0.0335553326899991	0.0503556267351834	1024	36	13083	67999935.5322339	38
20230721 203447	781	294049	gbdt	binary	custom	TRUE	TRUE	FALSE	TRUE	-100	-1	0	0.001	0	0	31	701	1	1	1	FALSE	1	0.1	50	0.5	TRUE	980717	0.0641885000256271	0.274879965758143	1024	247	13417	69021443.778111	39
20230721 203541	781	294049	gbdt	binary	custom	TRUE	TRUE	FALSE	TRUE	-100	-1	0	0.001	0	0	31	107	1	1	1	FALSE	1	0.1	50	0.5	TRUE	980717	0.0558435952570819	0.234389816075751	1022	8914	13487	65852823.0884558	40
20230721 203725	781	294049	gbdt	binary	custom	TRUE	TRUE	FALSE	TRUE	-100	-1	0	0.001	0	0	31	456	1	1	1	FALSE	1	0.1	50	0.5	TRUE	980717	0.0553872212576374	0.0616016619924276	656	10	12832	68113595.2023988	41
20230721 203843	781	294049	gbdt	binary	custom	TRUE	TRUE	FALSE	TRUE	-100	-1	0	0.001	0	0	31	814	1	1	1	FALSE	1	0.1	50	0.5	TRUE	980717	0.135882174592791	0.644937975151966	735	26806	13674	68526785.6071964	42
20230721 203949	781	294049	gbdt	binary	custom	TRUE	TRUE	FALSE	TRUE	-100	-1	0	0.001	0	0	31	607	1	1	1	FALSE	1	0.1	50	0.5	TRUE	980717	0.1341281523464	0.621084989220332	702	27638	14230	69768230.8845577	43
20230721 204108	781	294049	gbdt	binary	custom	TRUE	TRUE	FALSE	TRUE	-100	-1	0	0.001	0	0	31	849	1	1	1	FALSE	1	0.1	50	0.5	TRUE	980717	0.132726591142945	0.625678354195898	696	27476	11764	69282632.6836582	44
20230721 204305	781	294049	gbdt	binary	custom	TRUE	TRUE	FALSE	TRUE	-100	-1	0	0.001	0	0	31	1368	1	1	1	FALSE	1	0.1	50	0.5	TRUE	980717	0.0986178829484255	0.614033662762669	642	22530	12545	68430067.4662669	45
20230721 204530	781	294049	gbdt	binary	custom	TRUE	TRUE	FALSE	TRUE	-100	-1	0	0.001	0	0	31	872	1	1	1	FALSE	1	0.1	50	0.5	TRUE	980717	0.13332126335485	0.528497609462764	143	27815	13794	70445886.0569715	46
20230721 204900	781	294049	gbdt	binary	custom	TRUE	TRUE	FALSE	TRUE	-100	-1	0	0.001	0	0	31	1587	1	1	1	FALSE	1	0.1	50	0.5	TRUE	980717	0.13452334422408	0.501297850233393	18	27694	12697	69142463.2683658	47
20230721 205152	781	294049	gbdt	binary	custom	TRUE	TRUE	FALSE	TRUE	-100	-1	0	0.001	0	0	31	2416	1	1	1	FALSE	1	0.1	50	0.5	TRUE	980717	0.131340631530417	0.974637103758833	196	27774	12247	67664637.1814093	48
20230721 205456	781	294049	gbdt	binary	custom	TRUE	TRUE	FALSE	TRUE	-100	-1	0	0.001	0	0	31	1355	1	1	1	FALSE	1	0.1	50	0.5	TRUE	980717	0.129377992108355	0.472432723348391	283	25504	12975	68238898.0509745	49
20230721 205752	781	294049	gbdt	binary	custom	TRUE	TRUE	FALSE	TRUE	-100	-1	0	0.001	0	0	31	1227	1	1	1	FALSE	1	0.1	50	0.5	TRUE	980717	0.140931943135469	0.554794096250144	226	29613	13739	68738862.0689655	50
20230721 205824	781	294049	gbdt	binary	custom	TRUE	TRUE	FALSE	TRUE	-100	-1	0	0.001	0	0	31	31	1	1	1	FALSE	1	0.1	50	0.5	TRUE	980717	0.237550290409306	0.624636599699819	13	27262	13618	63245190.4047976	51
20230721 210037	781	294049	gbdt	binary	custom	TRUE	TRUE	FALSE	TRUE	-100	-1	0	0.001	0	0	31	1656	1	1	1	FALSE	1	0.1	50	0.5	TRUE	980717	0.205360359138004	0.687201226623331	1024	21182	10682	67117898.0509745	52
20230721 210122	781	294049	gbdt	binary	custom	TRUE	TRUE	FALSE	TRUE	-100	-1	0	0.001	0	0	31	315	1	1	1	FALSE	1	0.1	50	0.5	TRUE	980717	0.137323220806028	0.0590078118118769	485	32994	11447	66139539.7301349	53
20230721 210218	781	294049	gbdt	binary	custom	TRUE	TRUE	FALSE	TRUE	-100	-1	0	0.001	0	0	31	104	1	1	1	FALSE	1	0.1	50	0.5	TRUE	980717	0.157908160512823	0.484045718431352	1021	36041	14484	64094686.6566717	54
20230721 210625	781	294049	gbdt	binary	custom	TRUE	TRUE	FALSE	TRUE	-100	-1	0	0.001	0	0	31	1901	1	1	1	FALSE	1	0.1	50	0.5	TRUE	980717	0.132854578425583	0.537357986597037	369	29804	11658	67801952.023988	55
20230721 210654	781	294049	gbdt	binary	custom	TRUE	TRUE	FALSE	TRUE	-100	-1	0	0.001	0	0	31	65	1	1	1	FALSE	1	0.1	50	0.5	TRUE	980717	0.128161837446721	0.626426852237947	5	27188	12356	64240665.6671664	56
20230721 210816	781	294049	gbdt	binary	custom	TRUE	TRUE	FALSE	TRUE	-100	-1	0	0.001	0	0	31	687	1	1	1	FALSE	1	0.1	50	0.5	TRUE	980717	0.135355553030708	0.602130618001363	628	19010	12901	68293041.9790105	57
20230721 211024	781	294049	gbdt	binary	custom	TRUE	TRUE	FALSE	TRUE	-100	-1	0	0.001	0	0	31	1313	1	1	1	FALSE	1	0.1	50	0.5	TRUE	980717	0.134632541761303	0.600787745564272	638	20662	12034	69094641.6791604	58
20230721 211138	781	294049	gbdt	binary	custom	TRUE	TRUE	FALSE	TRUE	-100	-1	0	0.001	0	0	31	641	1	1	1	FALSE	1	0.1	50	0.5	TRUE	980717	0.135195606804775	0.606415734728028	627	21070	12621	68287104.9475262	59
20230721 211328	781	294049	gbdt	binary	custom	TRUE	TRUE	FALSE	TRUE	-100	-1	0	0.001	0	0	31	1078	1	1	1	FALSE	1	0.1	50	0.5	TRUE	980717	0.134499749511637	0.599656591337751	639	22273	12894	67966035.982009	60
20230721 211708	781	294049	gbdt	binary	custom	TRUE	TRUE	FALSE	TRUE	-100	-1	0	0.001	0	0	31	2749	1	1	1	FALSE	1	0.1	50	0.5	TRUE	980717	0.133595052210092	0.601768562014183	642	23621	11417	66834577.2113943	61
20230721 211957	781	294049	gbdt	binary	custom	TRUE	TRUE	FALSE	TRUE	-100	-1	0	0.001	0	0	31	1775	1	1	1	FALSE	1	0.1	50	0.5	TRUE	980717	0.132903844040644	0.594781322911204	660	23036	11130	68415397.3013493	62
20230721 212249	781	294049	gbdt	binary	custom	TRUE	TRUE	FALSE	TRUE	-100	-1	0	0.001	0	0	31	357	1	1	1	FALSE	1	0.1	50	0.5	TRUE	980717	0.0785450371476274	0.452702544908352	731	14	11974	69540248.8755622	63
20230721 212627	781	294049	gbdt	binary	custom	TRUE	TRUE	FALSE	TRUE	-100	-1	0	0.001	0	0	31	607	1	1	1	FALSE	1	0.1	50	0.5	TRUE	980717	0.0796818144926117	0.453792862068586	728	1	14387	68050514.2428786	64
20230721 212911	781	294049	gbdt	binary	custom	TRUE	TRUE	FALSE	TRUE	-100	-1	0	0.001	0	0	31	384	1	1	1	FALSE	1	0.1	50	0.5	TRUE	980717	0.0741845920457665	0.42740813129204	679	4	12341	68468514.2428786	65
20230721 213123	781	294049	gbdt	binary	custom	TRUE	TRUE	FALSE	TRUE	-100	-1	0	0.001	0	0	31	1140	1	1	1	FALSE	1	0.1	50	0.5	TRUE	980717	0.133808346979016	0.589745005387541	651	24791	13491	68818394.3028486	66
