fecha	cols	rows	boosting	objective	metric	first_metric_only	boost_from_average	feature_pre_filter	force_row_wise	verbosity	max_depth	min_gain_to_split	min_sum_hessian_in_leaf	lambda_l1	lambda_l2	max_bin	num_iterations	bagging_fraction	pos_bagging_fraction	neg_bagging_fraction	is_unbalance	scale_pos_weight	drop_rate	max_drop	skip_drop	extra_trees	seed	learning_rate	feature_fraction	num_leaves	min_data_in_leaf	estimulos	ganancia	iteracion_bayesiana
20230728 202214	1137	277329	gbdt	binary	custom	TRUE	TRUE	FALSE	TRUE	-100	-1	0	0.001	0	0	31	813	1	1	1	FALSE	1	0.1	50	0.5	TRUE	980717	0.241403229142015	0.846314154653861	506	19946	34072	138933325.337331	1
20230728 202702	1137	277329	gbdt	binary	custom	TRUE	TRUE	FALSE	TRUE	-100	-1	0	0.001	0	0	31	2576	1	1	1	FALSE	1	0.1	50	0.5	TRUE	980717	0.150204576581758	0.289216212350316	581	36866	30047	136349794.602699	2
20230728 203303	1137	277329	gbdt	binary	custom	TRUE	TRUE	FALSE	TRUE	-100	-1	0	0.001	0	0	31	3026	1	1	1	FALSE	1	0.1	50	0.5	TRUE	980717	0.112701092671621	0.404877383992017	19	37895	31386	137391145.427286	3
20230728 203433	1137	277329	gbdt	binary	custom	TRUE	TRUE	FALSE	TRUE	-100	-1	0	0.001	0	0	31	451	1	1	1	FALSE	1	0.1	50	0.5	TRUE	980717	0.0676770703818953	0.154016637494749	528	5150	31161	140978049.475262	4
20230728 203532	1137	277329	gbdt	binary	custom	TRUE	TRUE	FALSE	TRUE	-100	-1	0	0.001	0	0	31	445	1	1	1	FALSE	1	0.1	50	0.5	TRUE	980717	0.253967826400257	0.653659171794683	897	27163	31439	139249596.701649	5
20230728 203654	1137	277329	gbdt	binary	custom	TRUE	TRUE	FALSE	TRUE	-100	-1	0	0.001	0	0	31	707	1	1	1	FALSE	1	0.1	50	0.5	TRUE	980717	0.197056477371137	0.0841687702866863	1012	9925	32445	136085329.835082	6
20230728 203848	1137	277329	gbdt	binary	custom	TRUE	TRUE	FALSE	TRUE	-100	-1	0	0.001	0	0	31	1365	1	1	1	FALSE	1	0.1	50	0.5	TRUE	980717	0.127479729754887	0.600073822975765	399	32137	33550	138094527.736132	7
20230728 204000	1137	277329	gbdt	binary	custom	TRUE	TRUE	FALSE	TRUE	-100	-1	0	0.001	0	0	31	557	1	1	1	FALSE	1	0.1	50	0.5	TRUE	980717	0.209726724641813	0.752668594474251	353	15985	32384	139558764.617691	8
20230728 204342	1137	277329	gbdt	binary	custom	TRUE	TRUE	FALSE	TRUE	-100	-1	0	0.001	0	0	31	3449	1	1	1	FALSE	1	0.1	50	0.5	TRUE	980717	0.0502645851003841	0.92420716492534	146	48793	31002	135889592.203898	9
20230728 204542	1137	277329	gbdt	binary	custom	TRUE	TRUE	FALSE	TRUE	-100	-1	0	0.001	0	0	31	693	1	1	1	FALSE	1	0.1	50	0.5	TRUE	980717	0.157959124502347	0.344012412075875	746	22306	34870	139933328.335832	10
20230728 205614	1137	277329	gbdt	binary	custom	TRUE	TRUE	FALSE	TRUE	-100	-1	0	0.001	0	0	31	9952	1	1	1	FALSE	1	0.1	50	0.5	TRUE	980717	0.0179348840722712	0.70801840149063	772	30661	35904	140027190.404798	11
20230728 205843	1137	277329	gbdt	binary	custom	TRUE	TRUE	FALSE	TRUE	-100	-1	0	0.001	0	0	31	942	1	1	1	FALSE	1	0.1	50	0.5	TRUE	980717	0.298955282515718	0.443696327183299	270	42848	33802	136557478.26087	12
20230728 210431	1137	277329	gbdt	binary	custom	TRUE	TRUE	FALSE	TRUE	-100	-1	0	0.001	0	0	31	2559	1	1	1	FALSE	1	0.1	50	0.5	TRUE	980717	0.0335273519273182	0.550456348107964	91	13698	33485	143399032.983508	13
20230728 210540	1137	277329	gbdt	binary	custom	TRUE	TRUE	FALSE	TRUE	-100	-1	0	0.001	0	0	31	52	1	1	1	FALSE	1	0.1	50	0.5	TRUE	980717	0.186541653171453	0.972486086076296	671	1336	35336	137401895.052474	14
20230728 211004	1137	277329	gbdt	binary	custom	TRUE	TRUE	FALSE	TRUE	-100	-1	0	0.001	0	0	31	4244	1	1	1	FALSE	1	0.1	50	0.5	TRUE	980717	0.083566705535486	0.0276013712692273	858	43907	33715	133597428.785607	15
20230728 211114	1137	277329	gbdt	binary	custom	TRUE	TRUE	FALSE	TRUE	-100	-1	0	0.001	0	0	31	314	1	1	1	FALSE	1	0.1	50	0.5	TRUE	980717	0.279810460840224	0.20424531397422	232	7631	33875	138570862.068966	16
20230728 212845	1137	277329	gbdt	binary	custom	TRUE	TRUE	FALSE	TRUE	-100	-1	0	0.001	0	0	31	8816	1	1	1	FALSE	1	0.1	50	0.5	TRUE	980717	0.0100204144170346	0.404657712874275	15	6949	35030	141882773.613193	17
20230728 214226	1137	277329	gbdt	binary	custom	TRUE	TRUE	FALSE	TRUE	-100	-1	0	0.001	0	0	31	5927	1	1	1	FALSE	1	0.1	50	0.5	TRUE	980717	0.0100499908972741	0.527407642305161	469	13006	32926	142847187.406297	18
20230728 220322	1137	277329	gbdt	binary	custom	TRUE	TRUE	FALSE	TRUE	-100	-1	0	0.001	0	0	31	7946	1	1	1	FALSE	1	0.1	50	0.5	TRUE	980717	0.0100108561710217	0.502871390156217	221	15264	34613	143988646.176912	19
20230728 222100	1137	277329	gbdt	binary	custom	TRUE	TRUE	FALSE	TRUE	-100	-1	0	0.001	0	0	31	9929	1	1	1	FALSE	1	0.1	50	0.5	TRUE	980717	0.0100574568092267	0.20218801039375	174	17339	32700	142350614.692654	20
20230728 222846	1137	277329	gbdt	binary	custom	TRUE	TRUE	FALSE	TRUE	-100	-1	0	0.001	0	0	31	1706	1	1	1	FALSE	1	0.1	50	0.5	TRUE	980717	0.0102250681156615	0.552268870123384	191	253	32540	143630194.902549	21
20230728 224501	1137	277329	gbdt	binary	custom	TRUE	TRUE	FALSE	TRUE	-100	-1	0	0.001	0	0	31	6057	1	1	1	FALSE	1	0.1	50	0.5	TRUE	980717	0.0100545585641271	0.540622353930076	182	11405	31667	143432343.328336	22
20230728 225611	1137	277329	gbdt	binary	custom	TRUE	TRUE	FALSE	TRUE	-100	-1	0	0.001	0	0	31	3717	1	1	1	FALSE	1	0.1	50	0.5	TRUE	980717	0.0100135350365397	0.468669713120783	246	5941	33534	142562437.781109	23
20230728 231613	1137	277329	gbdt	binary	custom	TRUE	TRUE	FALSE	TRUE	-100	-1	0	0.001	0	0	31	9841	1	1	1	FALSE	1	0.1	50	0.5	TRUE	980717	0.010011096361071	0.558435979196193	219	13855	32949	142913479.76012	24
20230728 233428	1137	277329	gbdt	binary	custom	TRUE	TRUE	FALSE	TRUE	-100	-1	0	0.001	0	0	31	6782	1	1	1	FALSE	1	0.1	50	0.5	TRUE	980717	0.010000385107164	0.534481258416472	203	11283	36280	143717181.409295	25
20230728 234829	1137	277329	gbdt	binary	custom	TRUE	TRUE	FALSE	TRUE	-100	-1	0	0.001	0	0	31	5609	1	1	1	FALSE	1	0.1	50	0.5	TRUE	980717	0.0100071192781858	0.548186608883963	191	11849	31778	143533046.476762	26
20230729 000353	1137	277329	gbdt	binary	custom	TRUE	TRUE	FALSE	TRUE	-100	-1	0	0.001	0	0	31	9977	1	1	1	FALSE	1	0.1	50	0.5	TRUE	980717	0.010031401581386	0.651873799402565	167	15892	32106	143220230.884558	27
20230729 002138	1137	277329	gbdt	binary	custom	TRUE	TRUE	FALSE	TRUE	-100	-1	0	0.001	0	0	31	6784	1	1	1	FALSE	1	0.1	50	0.5	TRUE	980717	0.0100157396981486	0.535319528694736	189	15491	35181	143175380.809595	28
20230729 002854	1137	277329	gbdt	binary	custom	TRUE	TRUE	FALSE	TRUE	-100	-1	0	0.001	0	0	31	2302	1	1	1	FALSE	1	0.1	50	0.5	TRUE	980717	0.0100874924656697	0.689014793090141	191	1	32263	141979155.922039	29
20230729 005242	1137	277329	gbdt	binary	custom	TRUE	TRUE	FALSE	TRUE	-100	-1	0	0.001	0	0	31	9595	1	1	1	FALSE	1	0.1	50	0.5	TRUE	980717	0.0100327680089864	0.510673645803274	206	15129	34454	143388344.827586	30
20230729 010711	1137	277329	gbdt	binary	custom	TRUE	TRUE	FALSE	TRUE	-100	-1	0	0.001	0	0	31	2535	1	1	1	FALSE	1	0.1	50	0.5	TRUE	980717	0.0100860772931798	0.48046251355796	726	47	31687	143119209.895052	31
20230729 012008	1137	277329	gbdt	binary	custom	TRUE	TRUE	FALSE	TRUE	-100	-1	0	0.001	0	0	31	5225	1	1	1	FALSE	1	0.1	50	0.5	TRUE	980717	0.0101051545827528	0.505022705141532	143	11462	32427	142976751.124438	32
20230729 013510	1137	277329	gbdt	binary	custom	TRUE	TRUE	FALSE	TRUE	-100	-1	0	0.001	0	0	31	5502	1	1	1	FALSE	1	0.1	50	0.5	TRUE	980717	0.0100223534899559	0.52461965899152	249	14431	34881	143279158.92054	33
20230729 015029	1137	277329	gbdt	binary	custom	TRUE	TRUE	FALSE	TRUE	-100	-1	0	0.001	0	0	31	5861	1	1	1	FALSE	1	0.1	50	0.5	TRUE	980717	0.010161948556488	0.526895107487007	177	16555	33674	143559829.085457	34
20230729 020559	1137	277329	gbdt	binary	custom	TRUE	TRUE	FALSE	TRUE	-100	-1	0	0.001	0	0	31	5861	1	1	1	FALSE	1	0.1	50	0.5	TRUE	980717	0.010161948556488	0.526895107487007	177	16555	33674	143559829.085457	35
20230729 022226	1137	277329	gbdt	binary	custom	TRUE	TRUE	FALSE	TRUE	-100	-1	0	0.001	0	0	31	6281	1	1	1	FALSE	1	0.1	50	0.5	TRUE	980717	0.0101192897150865	0.528923433340958	171	16640	35145	143133335.832084	36
20230729 023015	1137	277329	gbdt	binary	custom	TRUE	TRUE	FALSE	TRUE	-100	-1	0	0.001	0	0	31	4578	1	1	1	FALSE	1	0.1	50	0.5	TRUE	980717	0.0100214826878773	0.590168349310619	1024	15350	34903	143006022.488756	37
20230729 024142	1137	277329	gbdt	binary	custom	TRUE	TRUE	FALSE	TRUE	-100	-1	0	0.001	0	0	31	4526	1	1	1	FALSE	1	0.1	50	0.5	TRUE	980717	0.010092396702839	0.549723734265547	734	15195	31550	142358755.622189	38
20230729 030915	1137	277329	gbdt	binary	custom	TRUE	TRUE	FALSE	TRUE	-100	-1	0	0.001	0	0	31	3455	1	1	1	FALSE	1	0.1	50	0.5	TRUE	980717	0.0102485047775516	0.567222383710192	1022	30	37845	142442631.184408	39
20230729 032149	1137	277329	gbdt	binary	custom	TRUE	TRUE	FALSE	TRUE	-100	-1	0	0.001	0	0	31	4655	1	1	1	FALSE	1	0.1	50	0.5	TRUE	980717	0.0100167181516162	0.533721358630212	177	15595	34508	142717619.190405	40
20230729 033536	1137	277329	gbdt	binary	custom	TRUE	TRUE	FALSE	TRUE	-100	-1	0	0.001	0	0	31	5080	1	1	1	FALSE	1	0.1	50	0.5	TRUE	980717	0.0100240593458881	0.51202883715832	218	13898	35326	142914413.793103	41
20230729 035716	1137	277329	gbdt	binary	custom	TRUE	TRUE	FALSE	TRUE	-100	-1	0	0.001	0	0	31	8255	1	1	1	FALSE	1	0.1	50	0.5	TRUE	980717	0.0100541158268045	0.527882381545894	199	13381	33311	143312877.061469	42
20230729 041017	1137	277329	gbdt	binary	custom	TRUE	TRUE	FALSE	TRUE	-100	-1	0	0.001	0	0	31	4592	1	1	1	FALSE	1	0.1	50	0.5	TRUE	980717	0.010006131438135	0.451801432756082	879	7356	34432	142835874.062969	43
20230729 042242	1137	277329	gbdt	binary	custom	TRUE	TRUE	FALSE	TRUE	-100	-1	0	0.001	0	0	31	4616	1	1	1	FALSE	1	0.1	50	0.5	TRUE	980717	0.0100389311807327	0.545330555693978	145	9785	33339	143016763.118441	44
20230729 044736	1137	277329	gbdt	binary	custom	TRUE	TRUE	FALSE	TRUE	-100	-1	0	0.001	0	0	31	5108	1	1	1	FALSE	1	0.1	50	0.5	TRUE	980717	0.0100713114611948	0.394730057926914	558	104	35797	141758325.337331	45
20230729 045740	1137	277329	gbdt	binary	custom	TRUE	TRUE	FALSE	TRUE	-100	-1	0	0.001	0	0	31	890	1	1	1	FALSE	1	0.1	50	0.5	TRUE	980717	0.0100308947823113	0.583168364092118	849	247	33521	141599998.50075	46
20230729 050758	1137	277329	gbdt	binary	custom	TRUE	TRUE	FALSE	TRUE	-100	-1	0	0.001	0	0	31	6144	1	1	1	FALSE	1	0.1	50	0.5	TRUE	980717	0.0101530931713257	0.0103668684010009	175	13	31012	139631646.176912	47
20230729 051121	1137	277329	gbdt	binary	custom	TRUE	TRUE	FALSE	TRUE	-100	-1	0	0.001	0	0	31	917	1	1	1	FALSE	1	0.1	50	0.5	TRUE	980717	0.057080340274907	0.490316374935847	1024	13474	35806	142731685.157421	48
20230729 052618	1137	277329	gbdt	binary	custom	TRUE	TRUE	FALSE	TRUE	-100	-1	0	0.001	0	0	31	5715	1	1	1	FALSE	1	0.1	50	0.5	TRUE	980717	0.0100334989600703	0.452573844612314	1024	15288	32119	143285578.710645	49
20230729 054038	1137	277329	gbdt	binary	custom	TRUE	TRUE	FALSE	TRUE	-100	-1	0	0.001	0	0	31	5143	1	1	1	FALSE	1	0.1	50	0.5	TRUE	980717	0.0102342925945952	0.536753612856579	178	10821	34256	142799856.071964	50
20230729 055842	1137	277329	gbdt	binary	custom	TRUE	TRUE	FALSE	TRUE	-100	-1	0	0.001	0	0	31	6844	1	1	1	FALSE	1	0.1	50	0.5	TRUE	980717	0.0101583658760661	0.478910613920618	1024	14302	32764	142777265.367316	51
20230729 061217	1137	277329	gbdt	binary	custom	TRUE	TRUE	FALSE	TRUE	-100	-1	0	0.001	0	0	31	4881	1	1	1	FALSE	1	0.1	50	0.5	TRUE	980717	0.0100244341822033	0.526523765233052	189	12156	31066	142997382.308846	52
20230729 062453	1137	277329	gbdt	binary	custom	TRUE	TRUE	FALSE	TRUE	-100	-1	0	0.001	0	0	31	6826	1	1	1	FALSE	1	0.1	50	0.5	TRUE	980717	0.0100243992902692	0.577046585273262	95	13022	31920	143869925.037481	53
20230729 063557	1137	277329	gbdt	binary	custom	TRUE	TRUE	FALSE	TRUE	-100	-1	0	0.001	0	0	31	9999	1	1	1	FALSE	1	0.1	50	0.5	TRUE	980717	0.0100095951435563	0.610767570745554	4	12651	34549	140466223.388306	54
20230729 065038	1137	277329	gbdt	binary	custom	TRUE	TRUE	FALSE	TRUE	-100	-1	0	0.001	0	0	31	5640	1	1	1	FALSE	1	0.1	50	0.5	TRUE	980717	0.0100458866212225	0.459732169975719	129	12728	32497	142926031.484258	55
20230729 070855	1137	277329	gbdt	binary	custom	TRUE	TRUE	FALSE	TRUE	-100	-1	0	0.001	0	0	31	6354	1	1	1	FALSE	1	0.1	50	0.5	TRUE	980717	0.0100804859275697	0.51139899273746	160	12045	31968	144098158.92054	56
20230729 072836	1137	277329	gbdt	binary	custom	TRUE	TRUE	FALSE	TRUE	-100	-1	0	0.001	0	0	31	7271	1	1	1	FALSE	1	0.1	50	0.5	TRUE	980717	0.0100062407713594	0.503391530670407	153	11032	34310	142741484.257871	57
20230729 075053	1137	277329	gbdt	binary	custom	TRUE	TRUE	FALSE	TRUE	-100	-1	0	0.001	0	0	31	8406	1	1	1	FALSE	1	0.1	50	0.5	TRUE	980717	0.0100684036755675	0.513707355124338	166	12478	32520	142579190.404798	58
20230729 081349	1137	277329	gbdt	binary	custom	TRUE	TRUE	FALSE	TRUE	-100	-1	0	0.001	0	0	31	8633	1	1	1	FALSE	1	0.1	50	0.5	TRUE	980717	0.0100244202848598	0.515429051319558	187	12495	32724	143598314.842579	59
20230729 083644	1137	277329	gbdt	binary	custom	TRUE	TRUE	FALSE	TRUE	-100	-1	0	0.001	0	0	31	8995	1	1	1	FALSE	1	0.1	50	0.5	TRUE	980717	0.0101166492727556	0.474344374876124	262	14231	32188	143052431.784108	60
20230729 085254	1137	277329	gbdt	binary	custom	TRUE	TRUE	FALSE	TRUE	-100	-1	0	0.001	0	0	31	5917	1	1	1	FALSE	1	0.1	50	0.5	TRUE	980717	0.0100608186030313	0.531617475548096	189	12443	32551	143585800.5997	61
20230729 090950	1137	277329	gbdt	binary	custom	TRUE	TRUE	FALSE	TRUE	-100	-1	0	0.001	0	0	31	6202	1	1	1	FALSE	1	0.1	50	0.5	TRUE	980717	0.0100268688116888	0.518054421193634	192	11919	32768	143820077.961019	62
20230729 092901	1137	277329	gbdt	binary	custom	TRUE	TRUE	FALSE	TRUE	-100	-1	0	0.001	0	0	31	7298	1	1	1	FALSE	1	0.1	50	0.5	TRUE	980717	0.0100246954993088	0.480359116414709	232	13726	33382	143186953.523238	63
20230729 094546	1137	277329	gbdt	binary	custom	TRUE	TRUE	FALSE	TRUE	-100	-1	0	0.001	0	0	31	6167	1	1	1	FALSE	1	0.1	50	0.5	TRUE	980717	0.0100329691113224	0.511910458243265	190	12150	32164	143847190.404798	64
20230729 100232	1137	277329	gbdt	binary	custom	TRUE	TRUE	FALSE	TRUE	-100	-1	0	0.001	0	0	31	6167	1	1	1	FALSE	1	0.1	50	0.5	TRUE	980717	0.0100329691113224	0.511910458243265	190	12150	32164	143847190.404798	65
20230729 101926	1137	277329	gbdt	binary	custom	TRUE	TRUE	FALSE	TRUE	-100	-1	0	0.001	0	0	31	5817	1	1	1	FALSE	1	0.1	50	0.5	TRUE	980717	0.0100181912039749	0.518336565604496	187	11824	31497	144116856.071964	66
