fecha	cols	rows	boosting	objective	metric	first_metric_only	boost_from_average	feature_pre_filter	force_row_wise	verbosity	max_depth	min_gain_to_split	min_sum_hessian_in_leaf	lambda_l1	lambda_l2	max_bin	num_iterations	bagging_fraction	pos_bagging_fraction	neg_bagging_fraction	is_unbalance	scale_pos_weight	drop_rate	max_drop	skip_drop	extra_trees	seed	learning_rate	feature_fraction	num_leaves	min_data_in_leaf	estimulos	ganancia	iteracion_bayesiana
20230630 004255	1178	294049	gbdt	binary	custom	TRUE	TRUE	FALSE	TRUE	-100	-1	0	0.001	0	0	31	665	1	1	1	FALSE	1	0.1	50	0.5	TRUE	980717	0.241403229142015	0.846314154653861	506	19946	11836	67895358.3208396	1
20230630 004554	1178	294049	gbdt	binary	custom	TRUE	TRUE	FALSE	TRUE	-100	-1	0	0.001	0	0	31	296	1	1	1	FALSE	1	0.1	50	0.5	TRUE	980717	0.150204576581758	0.289216212350316	581	36866	11397	68250379.3103448	2
20230630 004840	1178	294049	gbdt	binary	custom	TRUE	TRUE	FALSE	TRUE	-100	-1	0	0.001	0	0	31	142	1	1	1	FALSE	1	0.1	50	0.5	TRUE	980717	0.112701092671621	0.404877383992017	19	37895	11521	65143506.7466267	3
20230630 005420	1178	294049	gbdt	binary	custom	TRUE	TRUE	FALSE	TRUE	-100	-1	0	0.001	0	0	31	1084	1	1	1	FALSE	1	0.1	50	0.5	TRUE	980717	0.0676770703818953	0.154016637494749	528	5150	12980	68504737.6311844	4
20230630 005803	1178	294049	gbdt	binary	custom	TRUE	TRUE	FALSE	TRUE	-100	-1	0	0.001	0	0	31	1023	1	1	1	FALSE	1	0.1	50	0.5	TRUE	980717	0.253967826400257	0.653659171794683	897	27163	14070	65948440.7796102	5
20230630 010119	1178	294049	gbdt	binary	custom	TRUE	TRUE	FALSE	TRUE	-100	-1	0	0.001	0	0	31	759	1	1	1	FALSE	1	0.1	50	0.5	TRUE	980717	0.197056477371137	0.0841687702866863	1012	9925	10544	67702212.8935532	6
20230630 010319	1178	294049	gbdt	binary	custom	TRUE	TRUE	FALSE	TRUE	-100	-1	0	0.001	0	0	31	83	1	1	1	FALSE	1	0.1	50	0.5	TRUE	980717	0.127479729754887	0.600073822975765	399	32137	12690	64028350.8245877	7
20230630 010854	1178	294049	gbdt	binary	custom	TRUE	TRUE	FALSE	TRUE	-100	-1	0	0.001	0	0	31	1565	1	1	1	FALSE	1	0.1	50	0.5	TRUE	980717	0.209726724641813	0.752668594474251	353	15985	10388	66314320.8395802	8
20230630 011122	1178	294049	gbdt	binary	custom	TRUE	TRUE	FALSE	TRUE	-100	-1	0	0.001	0	0	31	628	1	1	1	FALSE	1	0.1	50	0.5	TRUE	980717	0.0502645851003841	0.92420716492534	146	48793	12610	65429730.1349325	9
20230630 011335	1178	294049	gbdt	binary	custom	TRUE	TRUE	FALSE	TRUE	-100	-1	0	0.001	0	0	31	63	1	1	1	FALSE	1	0.1	50	0.5	TRUE	980717	0.157959124502347	0.344012412075875	746	22306	11930	65801604.197901	10
20230630 011611	1178	294049	gbdt	binary	custom	TRUE	TRUE	FALSE	TRUE	-100	-1	0	0.001	0	0	31	424	1	1	1	FALSE	1	0.1	50	0.5	TRUE	980717	0.0179348840722712	0.70801840149063	772	30661	13281	64143266.8665667	11
20230630 012426	1178	294049	gbdt	binary	custom	TRUE	TRUE	FALSE	TRUE	-100	-1	0	0.001	0	0	31	1277	1	1	1	FALSE	1	0.1	50	0.5	TRUE	980717	0.298955282515718	0.443696327183299	270	42848	12910	66451889.0554723	12
20230630 014740	1178	294049	gbdt	binary	custom	TRUE	TRUE	FALSE	TRUE	-100	-1	0	0.001	0	0	31	3537	1	1	1	FALSE	1	0.1	50	0.5	TRUE	980717	0.0335273519273182	0.550456348107964	91	13698	13025	69177233.8830585	13
20230630 015415	1178	294049	gbdt	binary	custom	TRUE	TRUE	FALSE	TRUE	-100	-1	0	0.001	0	0	31	876	1	1	1	FALSE	1	0.1	50	0.5	TRUE	980717	0.186541653171453	0.972486086076296	671	1336	10396	66175718.1409295	14
20230630 015552	1178	294049	gbdt	binary	custom	TRUE	TRUE	FALSE	TRUE	-100	-1	0	0.001	0	0	31	300	1	1	1	FALSE	1	0.1	50	0.5	TRUE	980717	0.083566705535486	0.0276013712692273	858	43907	13015	60777548.7256372	15
20230630 015957	1178	294049	gbdt	binary	custom	TRUE	TRUE	FALSE	TRUE	-100	-1	0	0.001	0	0	31	655	1	1	1	FALSE	1	0.1	50	0.5	TRUE	980717	0.279810460840224	0.20424531397422	232	7631	13038	64718803.5982009	16
20230630 021557	1178	294049	gbdt	binary	custom	TRUE	TRUE	FALSE	TRUE	-100	-1	0	0.001	0	0	31	2563	1	1	1	FALSE	1	0.1	50	0.5	TRUE	980717	0.0433762585593076	0.400251090878538	171	9192	12362	69332050.9745127	17
20230630 023133	1178	294049	gbdt	binary	custom	TRUE	TRUE	FALSE	TRUE	-100	-1	0	0.001	0	0	31	2648	1	1	1	FALSE	1	0.1	50	0.5	TRUE	980717	0.0472901838509614	0.385624006825848	289	11888	12827	68443857.5712144	18
20230630 035705	1178	294049	gbdt	binary	custom	TRUE	TRUE	FALSE	TRUE	-100	-1	0	0.001	0	0	31	2382	1	1	1	FALSE	1	0.1	50	0.5	TRUE	980717	0.0305185142992793	0.573584246155387	174	9831	14776	68614428.7856072	19
20230630 042514	1178	294049	gbdt	binary	custom	TRUE	TRUE	FALSE	TRUE	-100	-1	0	0.001	0	0	31	170	1	1	1	FALSE	1	0.1	50	0.5	TRUE	980717	0.0449505360275859	0.145505618156422	44	6769	12770	67241064.4677661	20
20230630 055311	1178	294049	gbdt	binary	custom	TRUE	TRUE	FALSE	TRUE	-100	-1	0	0.001	0	0	31	1490	1	1	1	FALSE	1	0.1	50	0.5	TRUE	980717	0.0582177291620655	0.501693960041525	226	8658	13372	68549427.2863568	21
20230630 061649	1178	294049	gbdt	binary	custom	TRUE	TRUE	FALSE	TRUE	-100	-1	0	0.001	0	0	31	107	1	1	1	FALSE	1	0.1	50	0.5	TRUE	980717	0.0420611652327509	0.662676539284219	712	9372	14052	66676263.868066	22
20230630 065428	1178	294049	gbdt	binary	custom	TRUE	TRUE	FALSE	TRUE	-100	-1	0	0.001	0	0	31	216	1	1	1	FALSE	1	0.1	50	0.5	TRUE	980717	0.0209415457016244	0.435904848551974	126	9759	13198	66303331.3343328	23
20230630 070721	1178	294049	gbdt	binary	custom	TRUE	TRUE	FALSE	TRUE	-100	-1	0	0.001	0	0	31	192	1	1	1	FALSE	1	0.1	50	0.5	TRUE	980717	0.0393337995954073	0.543176381158862	4	12092	12497	63617245.8770615	24
20230630 073438	1178	294049	gbdt	binary	custom	TRUE	TRUE	FALSE	TRUE	-100	-1	0	0.001	0	0	31	88	1	1	1	FALSE	1	0.1	50	0.5	TRUE	980717	0.0595527927842385	0.299751235783526	359	8475	12485	65663260.8695652	25
20230630 080052	1178	294049	gbdt	binary	custom	TRUE	TRUE	FALSE	TRUE	-100	-1	0	0.001	0	0	31	67	1	1	1	FALSE	1	0.1	50	0.5	TRUE	980717	0.0514802774970542	0.379451949918444	297	8932	12875	63324925.0374813	26
20230630 094441	1178	294049	gbdt	binary	custom	TRUE	TRUE	FALSE	TRUE	-100	-1	0	0.001	0	0	31	1496	1	1	1	FALSE	1	0.1	50	0.5	TRUE	980717	0.0431940421436082	0.4152282781424	232	8090	11524	69750098.9505247	27
20230630 110441	1178	294049	gbdt	binary	custom	TRUE	TRUE	FALSE	TRUE	-100	-1	0	0.001	0	0	31	992	1	1	1	FALSE	1	0.1	50	0.5	TRUE	980717	0.0371148837899349	0.427949965374604	202	7912	14253	70115482.7586207	28
20230630 120351	1178	294049	gbdt	binary	custom	TRUE	TRUE	FALSE	TRUE	-100	-1	0	0.001	0	0	31	116	1	1	1	FALSE	1	0.1	50	0.5	TRUE	980717	0.0308642522522438	0.355731462850468	204	3164	15123	66891149.9250375	29
20230630 122503	1178	294049	gbdt	binary	custom	TRUE	TRUE	FALSE	TRUE	-100	-1	0	0.001	0	0	31	109	1	1	1	FALSE	1	0.1	50	0.5	TRUE	980717	0.0402948496897144	0.473023428773818	197	10574	12962	65151001.4992504	30
20230630 142158	1178	294049	gbdt	binary	custom	TRUE	TRUE	FALSE	TRUE	-100	-1	0	0.001	0	0	31	2182	1	1	1	FALSE	1	0.1	50	0.5	TRUE	980717	0.0367305797347642	0.446616207875171	199	7431	12038	68839223.3883058	31
20230630 174702	1178	294049	gbdt	binary	custom	TRUE	TRUE	FALSE	TRUE	-100	-1	0	0.001	0	0	31	2295	1	1	1	FALSE	1	0.1	50	0.5	TRUE	980717	0.0326129852042224	0.400599302463048	207	3840	11477	68802883.0584708	32
20230630 223745	1178	294049	gbdt	binary	custom	TRUE	TRUE	FALSE	TRUE	-100	-1	0	0.001	0	0	31	3176	1	1	1	FALSE	1	0.1	50	0.5	TRUE	980717	0.0285919930158178	0.393251739946328	211	3492	11107	67279659.6701649	33
20230701 012929	1178	294049	gbdt	binary	custom	TRUE	TRUE	FALSE	TRUE	-100	-1	0	0.001	0	0	31	1257	1	1	1	FALSE	1	0.1	50	0.5	TRUE	980717	0.0331560895923596	0.397996857377623	207	2723	10991	67824181.4092954	34
20230701 044756	1178	294049	gbdt	binary	custom	TRUE	TRUE	FALSE	TRUE	-100	-1	0	0.001	0	0	31	2058	1	1	1	FALSE	1	0.1	50	0.5	TRUE	980717	0.0326199135113472	0.411803239163199	210	3587	12051	68065350.8245877	35
20230701 062922	1178	294049	gbdt	binary	custom	TRUE	TRUE	FALSE	TRUE	-100	-1	0	0.001	0	0	31	1698	1	1	1	FALSE	1	0.1	50	0.5	TRUE	980717	0.0427296912121901	0.410077659361673	185	6693	13302	67865694.1529235	36
20230701 065329	1178	294049	gbdt	binary	custom	TRUE	TRUE	FALSE	TRUE	-100	-1	0	0.001	0	0	31	87	1	1	1	FALSE	1	0.1	50	0.5	TRUE	980717	0.0393057678618268	0.485967751469706	208	8765	13477	65186031.4842579	37
20230701 083846	1178	294049	gbdt	binary	custom	TRUE	TRUE	FALSE	TRUE	-100	-1	0	0.001	0	0	31	2306	1	1	1	FALSE	1	0.1	50	0.5	TRUE	980717	0.0437309357196816	0.489301043437461	225	9127	13134	68897190.4047976	38
20230701 102730	1178	294049	gbdt	binary	custom	TRUE	TRUE	FALSE	TRUE	-100	-1	0	0.001	0	0	31	2352	1	1	1	FALSE	1	0.1	50	0.5	TRUE	980717	0.0475666789317657	0.423194814811408	221	8655	13642	68681616.1919041	39
20230701 152353	1178	294049	gbdt	binary	custom	TRUE	TRUE	FALSE	TRUE	-100	-1	0	0.001	0	0	31	3249	1	1	1	FALSE	1	0.1	50	0.5	TRUE	102191	0.0317418946878631	0.353091807129848	225	4622	12607	67492523.2383808	40
20230701 152753	1178	294049	gbdt	binary	custom	TRUE	TRUE	FALSE	TRUE	-100	-1	0	0.001	0	0	31	1317	1	1	1	FALSE	1	0.1	50	0.5	TRUE	102191	0.0366227954285809	0.412014344812798	223	5295	11817	69197575.7121439	41
20230701 153350	1178	294049	gbdt	binary	custom	TRUE	TRUE	FALSE	TRUE	-100	-1	0	0.001	0	0	31	2328	1	1	1	FALSE	1	0.1	50	0.5	TRUE	102191	0.034299755139462	0.38983246185933	227	5712	13158	68760422.7886057	42
20230701 153511	1178	294049	gbdt	binary	custom	TRUE	TRUE	FALSE	TRUE	-100	-1	0	0.001	0	0	31	114	1	1	1	FALSE	1	0.1	50	0.5	TRUE	102191	0.03441499679873	0.386663623576721	230	6174	13392	66436953.5232384	43
20230701 154333	1178	294049	gbdt	binary	custom	TRUE	TRUE	FALSE	TRUE	-100	-1	0	0.001	0	0	31	3150	1	1	1	FALSE	1	0.1	50	0.5	TRUE	102191	0.0413357856121238	0.419525927341664	222	3473	13220	67189235.3823088	44
20230701 154744	1178	294049	gbdt	binary	custom	TRUE	TRUE	FALSE	TRUE	-100	-1	0	0.001	0	0	31	1785	1	1	1	FALSE	1	0.1	50	0.5	TRUE	102191	0.0427409535374206	0.189881241122567	177	166	13312	69404089.9550225	45
20230701 155122	1178	294049	gbdt	binary	custom	TRUE	TRUE	FALSE	TRUE	-100	-1	0	0.001	0	0	31	2102	1	1	1	FALSE	1	0.1	50	0.5	TRUE	102191	0.0495869707650071	0.0662454308345726	175	70	11705	68367758.6206897	46
20230701 155342	1178	294049	gbdt	binary	custom	TRUE	TRUE	FALSE	TRUE	-100	-1	0	0.001	0	0	31	1198	1	1	1	FALSE	1	0.1	50	0.5	TRUE	102191	0.0507386487440721	0.0647573452932335	174	48	14096	67380605.6971514	47
20230701 155657	1178	294049	gbdt	binary	custom	TRUE	TRUE	FALSE	TRUE	-100	-1	0	0.001	0	0	31	1743	1	1	1	FALSE	1	0.1	50	0.5	TRUE	102191	0.0403467502703155	0.0761392285832849	176	145	10411	68454736.131934	48
20230701 160016	1178	294049	gbdt	binary	custom	TRUE	TRUE	FALSE	TRUE	-100	-1	0	0.001	0	0	31	1875	1	1	1	FALSE	1	0.1	50	0.5	TRUE	102191	0.0403449056510672	0.0623183344738376	176	115	14483	68165152.9235382	49
20230701 160109	1178	294049	gbdt	binary	custom	TRUE	TRUE	FALSE	TRUE	-100	-1	0	0.001	0	0	31	43	1	1	1	FALSE	1	0.1	50	0.5	TRUE	102191	0.0398951458971082	0.0763503536210403	175	38	11826	64649436.2818591	50
20230701 160505	1178	294049	gbdt	binary	custom	TRUE	TRUE	FALSE	TRUE	-100	-1	0	0.001	0	0	31	1094	1	1	1	FALSE	1	0.1	50	0.5	TRUE	102191	0.0432826411731831	0.489339915556264	217	3229	11421	68292562.2188905	51
20230701 160831	1178	294049	gbdt	binary	custom	TRUE	TRUE	FALSE	TRUE	-100	-1	0	0.001	0	0	31	514	1	1	1	FALSE	1	0.1	50	0.5	TRUE	102191	0.045030943734235	0.562287129442108	219	467	10512	69231616.1919041	52
20230701 161336	1178	294049	gbdt	binary	custom	TRUE	TRUE	FALSE	TRUE	-100	-1	0	0.001	0	0	31	1160	1	1	1	FALSE	1	0.1	50	0.5	TRUE	102191	0.0502707113701959	0.669901482921861	220	429	12528	69757109.4452774	53
20230701 161546	1178	294049	gbdt	binary	custom	TRUE	TRUE	FALSE	TRUE	-100	-1	0	0.001	0	0	31	411	1	1	1	FALSE	1	0.1	50	0.5	TRUE	102191	0.0539757559616822	0.845032427322852	222	7	13612	69734434.7826087	54
20230701 162008	1178	294049	gbdt	binary	custom	TRUE	TRUE	FALSE	TRUE	-100	-1	0	0.001	0	0	31	993	1	1	1	FALSE	1	0.1	50	0.5	TRUE	102191	0.052381861375638	0.899411912698566	210	871	12377	69920334.3328336	55
20230701 162428	1178	294049	gbdt	binary	custom	TRUE	TRUE	FALSE	TRUE	-100	-1	0	0.001	0	0	31	940	1	1	1	FALSE	1	0.1	50	0.5	TRUE	102191	0.05460970422862	0.957595492686841	208	783	11365	69012706.1469265	56
20230701 162906	1178	294049	gbdt	binary	custom	TRUE	TRUE	FALSE	TRUE	-100	-1	0	0.001	0	0	31	1114	1	1	1	FALSE	1	0.1	50	0.5	TRUE	102191	0.0637767753984187	0.976354518922374	222	1117	9955	67939917.5412294	57
20230701 163102	1178	294049	gbdt	binary	custom	TRUE	TRUE	FALSE	TRUE	-100	-1	0	0.001	0	0	31	294	1	1	1	FALSE	1	0.1	50	0.5	TRUE	102191	0.0600078864162826	0.928779743867941	219	48	9929	68677947.5262369	58
20230701 163257	1178	294049	gbdt	binary	custom	TRUE	TRUE	FALSE	TRUE	-100	-1	0	0.001	0	0	31	294	1	1	1	FALSE	1	0.1	50	0.5	TRUE	102191	0.0600078864162826	0.928779743867941	219	48	9929	68677947.5262369	59
20230701 163408	1178	294049	gbdt	binary	custom	TRUE	TRUE	FALSE	TRUE	-100	-1	0	0.001	0	0	31	500	1	1	1	FALSE	1	0.1	50	0.5	TRUE	102191	0.174196928163967	0.0966923973713439	558	9983	11818	68813706.1469265	60
20230701 163609	1178	294049	gbdt	binary	custom	TRUE	TRUE	FALSE	TRUE	-100	-1	0	0.001	0	0	31	1405	1	1	1	FALSE	1	0.1	50	0.5	TRUE	102191	0.299219471310999	0.860174818311958	536	38416	13155	66138178.4107946	61
20230701 163719	1178	294049	gbdt	binary	custom	TRUE	TRUE	FALSE	TRUE	-100	-1	0	0.001	0	0	31	16	1	1	1	FALSE	1	0.1	50	0.5	TRUE	102191	0.288033406832472	0.551423671689272	728	4249	15104	64913247.3763118	62
20230701 163858	1178	294049	gbdt	binary	custom	TRUE	TRUE	FALSE	TRUE	-100	-1	0	0.001	0	0	31	411	1	1	1	FALSE	1	0.1	50	0.5	TRUE	102191	0.188623862691234	0.352711940315991	1021	7360	10378	68649028.4857571	63
20230701 164419	1178	294049	gbdt	binary	custom	TRUE	TRUE	FALSE	TRUE	-100	-1	0	0.001	0	0	31	1411	1	1	1	FALSE	1	0.1	50	0.5	TRUE	102191	0.0598785076706153	0.977846813787495	221	1092	12949	68664424.2878561	64
20230701 164943	1178	294049	gbdt	binary	custom	TRUE	TRUE	FALSE	TRUE	-100	-1	0	0.001	0	0	31	1411	1	1	1	FALSE	1	0.1	50	0.5	TRUE	102191	0.0598785076706153	0.977846813787495	221	1092	12949	68664784.107946	65
20230701 165505	1178	294049	gbdt	binary	custom	TRUE	TRUE	FALSE	TRUE	-100	-1	0	0.001	0	0	31	1411	1	1	1	FALSE	1	0.1	50	0.5	TRUE	102191	0.0598785076706153	0.977846813787495	221	1092	12949	68664424.2878561	66
